GENE_POOL
FITNESS 24257.6
GENES
-0.116459 0.00217606 0.103032 0.0221394 -0.268588 -0.211923 -0.214548 0.0667881 -0.171468 -0.0676691 -0.144298 -0.154447 0.0692196 0.110644 0.0353366 0.195219 -0.0403936 0.0852185 0.133603 0.0701535 0.273381 -0.28272 0.0822055 0.262985 0.0446752 0.26621 0.15161 0.22986 -0.186145 0.20935 0.284411 -0.126202 -0.186586 -0.109693 0.0792806 -0.0463491 -0.0316541 0.146677 0.0932179 0.270227 0.213403 -0.0129066 0.222054 0.266915 -0.0817121 -0.168878 -0.131753 0.0417855 0.119683 -0.207025 0.274896 0.0573262 -0.154588 0.099984 -0.121533 -0.145619 0.0447104 0.0551942 -0.197457 -0.169988 0.0589649 -0.251867 -0.0474591 0.0348609 0.146941 -0.231587 -0.0531327 0.0498202 0.195043 0.239445 -0.221226 0.248467 0.0436004 0.20047 0.00999928 -0.155434 0.220204 -0.190973 -0.14532 0.114538 -0.149566 0.0410807 -0.116652 0.110573 -0.224803 0.0511417 0.199166 0.183114 0.138836 0.149443 0.239339 0.0508069 -0.0997373 0.165777 -0.285803 -0.191836 0.233049 0.00201748 -0.0916321 -0.152667 0.213738 0.226636 0.237754 0.000502151 0.0437942 0.274861 0.256536 0.230688 0.204329 0.191114 0.27613 -0.286684 0.241894 0.0132413 -0.179961 0.100354 0.0182806 -0.151698 -0.221402 -0.0057705 0.194691 -0.064339 -0.0179635 0.280041 0.163856 0.282843 -0.21224 -0.162253 0.0160605 -0.252255 -0.248625 0.127806 0.133374 -0.0742766 -0.147346 -0.0957376 -0.198056 -0.141391 -0.148368 0.280817 -0.0158491 0.203906 0.133074 0.248995 
0.250563 -0.268113 0.265241 -0.00820206 0.0356891 -0.159786 0.00319801 0.0309669 -0.207729 -0.0339447 -0.23349 0.139188 0.0788225 0.277997 0.157108 0.0954733 -0.0201307 -0.11408 0.0317422 0.0471243 -0.0485163 0.212892 -0.261681 -0.177582 -0.0863638 0.1089 0.257453 0.134554 -0.247691 -0.0983629 -0.216804 -0.0790339 -0.132105 0.112071 -0.0423141 -0.059934 0.272342 -0.0948037 0.198796 -0.0585244 -0.0871391 0.0568681 -0.158676 0.108882 -0.078893 -0.0816769 -0.189722 -0.134607 -0.236344 0.087562 -0.125251 0.121604 -0.192189 0.26924 -0.0554409 -0.25333 -0.143998 -0.00927685 -0.273874 -0.151663 0.234318 -0.261135 0.00318039 -0.285926 0.184806 -0.20706 -0.140739 -0.2688 0.147117 0.0916674 0.0355657 -0.243128 -0.207818 0.141919 -0.187185 0.173195 0.125656 -0.00238749 -0.0796154 -0.128528 -0.208205 0.161671 0.015761 0.13318 0.246458 0.284781 -0.226283 -0.00857206 0.114503 0.287477 0.211024 0.123119 -0.248326 -0.262263 -0.147822 0.278508 -0.209826 0.265399 0.260483 -0.207307 0.253876 -0.0828751 -0.0493973 0.0422612 0.188718 -0.177881 -0.132281 -0.0838089 -0.224768 -0.0523398 0.0268791 -0.0925131 0.249947 0.273029 0.104794 0.121427 0.138201 -0.25007 -0.25592 -0.276517 -0.131101 0.139981 -0.185035 -0.133673 -0.00568241 0.169001 -0.183114 -0.278949 -0.110944 -0.20928 0.170833 -0.223764 0.0497849 -0.000308356 -0.0339623 -0.279143 -0.141761 0.0877381 0.0665414 -0.121868 0.280147 -0.2765 -0.168331 -0.142536 
-0.216575 0.0946275 -0.0309141 0.280253 0.261118 -0.248414 0.205597 -0.287547 0.164755 -0.251409 0.266386 0.11556 0.172684 -0.145901 -0.233948 -0.176507 0.181899 -0.196576 -0.223658 0.272941 0.113534 0.129938 -0.172543 -0.228556 0.205404 -0.0835446 0.106732 -0.0359886 0.15968 -0.287248 0.284623 -0.0988563 0.267655 0.254457 -0.0344733 0.243339 -0.161971 0.0330813 0.276394 0.0107922 0.0920903 0.251039 0.0438118 -0.247374 -0.0760914 0.00314515 -0.071105 -0.104371 -0.227887 0.034209 -0.112424 0.0636341 0.269152 0.223094 -0.138307 0.252184 -0.0552823 -0.094557 0.0380854 -0.165477 0.0118317 0.042226 0.188718 -0.0979048 -0.273099 0.179555 0.202725 -0.280147 0.16768 0.177547 0.168543 -0.272447 -0.0795801 0.230653 -0.1924 0.135418 -0.0574143 -0.0806549 0.236608 0.0394068 -0.0621541 0.208469 -0.222988 -0.0384906 0.0456795 -0.106028 0.0677924 0.0380854 -0.00300418 0.228697 -0.23386 0.225825 -0.276429 -0.00881875 0.17545 -0.0551061 -0.0767257 -0.0758271 0.0848309 0.0642332 0.217826 -0.0381558 0.118432 0.0300155 -0.243551 0.089042 0.229419 -0.0293987 0.211359 -0.200946 0.244502 0.00127744 -0.147875 0.0647618 -0.203941 0.211412 0.00763822 -0.0972176 0.0416093 -0.0915088 -0.0994201 0.106028 0.043759 0.178428 0.00829014 -0.126749 0.0256457 0.254087 -0.249876 0.0658366 -0.244203 -0.165671 -0.159698 -0.0252581 0.23615 0.154887 -0.275037 0.173653 -0.166147 -0.212786 -0.1351 0.0731489 -0.0410983 -0.0934822 
0.201596 0.309839 -0.0377307 0.364469 -0.195182 -0.0351238 0.129987 -0.0160912 -0.299735 -0.150773 -0.0940903 -0.369521 -0.0409836 0.262477 0.254933 0.267737 0.100388 0.330464 -0.213154 0.339576 -0.327349 -0.240491 0.171628 -0.348758 
BIASES
0.0926541 -0.006211 -0.0462257 -0.0126599 0.259673 0.00358564 0.111666 0.143769 0.0979224 -0.0988915 0.0225799 -0.00421995 
-0.101623 0.243603 0.242881 -0.072497 0.103984 -0.166904 -0.0410279 -0.0680567 -0.239569 0.0784349 -0.021276 0.0963719 
-0.139329 -0.135171 -0.118855 -0.0062991 -0.12844 0.0895001 -0.169935 -0.133056 -0.210742 -0.142201 0.0540842 -0.0222275 
0.311731 -0.0636612 
END
FITNESS 16844.8
GENES
-0.0339094 0.252783 -0.156244 0.000396435 -0.127295 0.0418208 -0.241225 -0.255832 -0.223728 -0.270491 -0.0332575 0.24829 -0.211342 0.0224213 0.128828 -0.215271 -0.240837 -0.232926 0.15013 -0.222565 -0.207218 0.241172 -0.20817 0.264324 -0.20935 0.25296 -0.123313 -0.182956 0.0518112 0.182163 -0.234547 -0.280112 0.0671934 -0.103702 -0.0731313 -0.203924 -0.145672 0.0152147 0.237225 0.117128 -0.19092 0.118379 -0.0545599 0.0248881 -0.041345 -0.0965833 -0.245172 0.0416269 -0.211394 -0.222689 -0.167151 -0.170076 0.105164 -0.0396887 -0.0264562 0.0868395 0.0228618 -0.219693 -0.234353 -0.197545 -0.223658 0.279231 -0.205263 0.231182 0.136915 0.26214 0.0002731 0.077642 -0.104935 -0.119947 0.257576 0.173987 0.08765 0.145478 -0.117128 -0.159328 0.264783 -0.230371 -0.0234432 -0.256184 0.0939932 0.237313 0.106944 -0.20817 0.257417 -0.2765 0.177635 -0.0438294 -0.227006 0.0468424 0.135541 0.0647971 -0.137972 -0.241419 0.280024 0.101852 -0.0535556 -0.128493 0.0257514 -0.0507188 -0.0601983 -0.0539609 0.189863 0.103772 0.189246 0.0686206 -0.272694 -0.00478379 -0.0472477 -0.28124 0.0679686 0.0591411 0.203007 -0.178339 -0.103191 0.147628 0.0951561 0.138113 -0.119013 -0.146166 -0.181846 0.0203245 0.185863 0.263091 -0.255955 -0.118344 -0.109234 0.00356802 -0.0653961 -0.138219 0.19966 0.120987 -0.265065 -0.0364819 -0.227411 0.257893 -0.218654 -0.125004 0.238952 0.0843728 -0.198091 -0.133479 -0.173776 0.00836061 
-0.186163 0.195818 0.129198 0.193017 0.0530446 -0.055018 -0.201809 0.0217693 -0.0168358 0.278279 -0.155117 -0.00458997 -0.223623 -0.141514 0.10305 0.155064 -0.184207 -0.230671 0.149073 -0.0706292 0.125568 0.101024 0.0901873 -0.116881 0.104213 0.245136 0.0414155 -0.105147 -0.265893 -0.0429484 0.185335 0.204241 0.264377 0.266509 0.13392 -0.0654666 -0.233736 0.139893 0.0641628 0.109023 0.0339799 0.0993849 0.0370282 -0.00749725 0.0222275 0.0423846 -0.028412 0.127964 -0.200541 0.15635 0.148051 -0.254968 0.0228794 0.256184 0.0925484 0.177617 0.129233 0.087791 -0.240996 0.235833 -0.121938 -0.033187 0.283618 -0.211641 -0.0645856 0.254545 0.144122 -0.190409 -0.216293 0.194567 0.165495 0.136492 0.19307 -0.19129 -0.0748756 -0.0669996 -0.120317 0.179256 0.153636 -0.202602 -0.0631408 0.0427194 0.0353014 0.118009 -0.108741 0.18803 -0.0369577 -0.191184 0.124476 -0.272324 -0.193616 -0.154341 0.286032 -0.223446 -0.216768 0.145725 -0.222266 -0.238547 -0.232485 -0.0153733 -0.249718 0.163891 0.0820293 -0.268377 -0.00961164 -0.193863 0.185951 0.240485 -0.0455914 -0.248889 0.0381735 -0.013858 0.213474 0.193704 -0.0311431 0.14125 0.286772 0.104759 -0.201192 -0.215553 0.0979929 -0.13762 -0.0327994 0.0951561 -0.123277 -0.112335 0.211165 -0.273487 -0.0337332 0.138871 -0.287583 0.211165 -0.0214874 -0.167979 0.028183 0.127665 -0.0879143 -0.0677396 0.287389 -0.231182 -0.212399 0.278755 -0.173952 0.235939 
-0.0314779 -0.0464548 -0.135224 -0.258616 -0.0998958 -0.130325 0.05567 -0.174322 -0.283618 -0.132757 -0.124476 0.122097 0.245841 0.0456971 0.220539 -0.156279 0.165371 0.125515 -0.0473005 -0.0377682 0.133902 -0.178181 -0.241119 -0.213703 0.138342 -0.0501373 -0.227376 0.126731 0.174375 -0.122026 0.0703297 0.147892 0.23793 -0.0656957 0.162834 0.120035 -0.0653961 -0.235763 0.242582 0.0591939 0.0341913 0.0898525 -0.269787 0.118203 -0.0738361 0.0230908 -0.0776067 0.221209 0.231992 0.270879 -0.0666648 0.186268 -0.0889363 -0.23504 0.238124 0.13799 0.00289848 0.0961604 0.122978 0.145232 -0.121692 0.089553 -0.113357 0.0404817 -0.125727 0.0967595 -0.128211 0.0884429 0.226636 0.0735894 0.241718 -0.00441378 -0.217015 0.0494854 -0.06707 -0.184401 -0.00145365 -0.240837 -0.146818 0.242264 -0.200752 0.269047 0.0951737 0.0708935 0.0941341 -0.25 0.277064 -0.132387 0.0568505 0.0857999 0.285785 -0.188207 -0.0825755 -0.274773 0.141708 0.174128 -0.110767 -0.140245 -0.275231 -0.0989796 0.157284 -0.0879143 -0.0324822 0.0359181 0.213474 0.179855 -0.095808 -0.057661 0.155275 -0.25599 -0.158341 -0.0123251 -0.0760738 -0.019144 -0.154852 -0.192594 0.253594 0.0550357 -0.236926 0.0347376 0.15265 -0.0714398 -0.201157 0.0800383 -0.115208 0.150201 -0.228838 -0.155293 0.229966 0.103561 0.112106 0.263303 0.063828 0.144263 -0.142324 0.166217 -0.220222 0.0667 -0.123559 -0.0545423 -0.109851 -0.0915616 0.23978 0.27798 
-0.324281 -0.182171 -0.0446055 0.317706 -0.289307 0.370674 -0.0961896 0.0292872 0.111462 -0.10408 -0.368737 -0.0556098 -0.113815 0.235439 -0.341307 -0.362669 0.301996 0.263515 0.249627 -0.279433 0.22605 0.130841 -0.265591 0.162838 
BIASES
-0.266527 -0.178903 0.0933941 0.100759 -0.157072 0.0974995 0.238494 -0.07625 -0.129074 0.130008 -0.071986 -0.0699421 
-0.161072 0.237859 0.0525865 0.224768 0.12363 -0.05604 -0.0684972 -0.168842 -0.140651 0.0528332 -0.029064 0.208082 
0.020906 0.151293 -0.0204302 0.0381206 -0.238494 -0.178498 0.261523 0.129215 0.232891 -0.0591411 0.166605 0.0451333 
0.132063 -0.0772955 
END
FITNESS 15378.6
GENES
-0.0841789 -0.204681 -0.161653 -0.0990501 -0.0141576 0.122749 -0.18426 -0.234424 -0.0980634 -0.0533794 -0.184489 -0.139646 -0.230424 -0.259796 -0.198356 -0.10564 0.21476 -0.191096 0.102134 0.0588768 -0.264166 0.223922 0.236327 -0.0012422 -0.117604 -0.207941 0.0572029 0.0762852 0.0922312 0.069343 0.195907 0.110203 0.102997 -0.0694487 0.238212 -0.278191 -0.14754 -0.0178401 0.280905 0.0893063 -0.227658 0.0209236 0.256325 0.2725 0.0502959 0.165248 -0.214178 0.0341032 0.0329051 -0.168349 -0.120758 0.00975261 -0.19159 -0.0129594 0.0030923 0.183167 -0.0542075 -0.0376801 -0.0824522 0.220874 0.274033 0.0316893 -0.194937 -0.264078 0.029434 -0.111648 0.00772632 -0.27465 0.254792 0.179731 0.246969 -0.213051 -0.191977 0.119278 0.220169 -0.134166 -0.278685 0.0704707 -0.284217 -0.0187211 -0.237648 -0.189616 0.14132 -0.243709 0.206443 0.213826 -0.167591 -0.139188 0.177335 0.220134 0.0486396 0.262527 -0.208505 0.2876 0.167503 0.282984 -0.226917 0.156597 0.137109 -0.0279892 0.000995527 -0.183731 0.246299 -0.284852 -0.107032 0.156685 0.10638 -0.103825 -0.221473 0.0767786 0.182568 -0.160808 -0.185158 -0.191026 0.263778 0.161865 0.216257 -0.274544 -0.0590706 0.25821 -0.0712107 -0.232203 0.101059 0.239146 -0.170023 -0.265065 0.115084 0.2038 0.0794744 -0.20225 0.119049 -0.18137 0.0102812 -0.257259 0.179837 -0.261858 0.00136553 -0.222513 -0.0285001 -0.23911 -0.135435 0.245771 -0.00901256 -0.126449 
0.221561 0.176401 0.157654 -0.154729 0.0522341 -0.0868571 0.258175 0.227781 -0.151363 0.25081 -0.10564 -0.117445 0.197651 0.0875267 0.106591 -0.11415 0.000995527 0.0797563 0.20121 -0.0649204 0.100125 -0.0773424 -0.0809897 -0.00155936 -0.156914 0.0612202 -0.140615 0.269558 -0.109093 0.271883 -0.255145 0.0948389 0.0225622 -0.031425 0.173565 -0.283319 0.0399883 0.17871 -0.0610969 -0.273663 0.0382968 -0.0819412 -0.24015 -0.239921 0.0590882 0.189881 -0.117445 -0.00679246 0.0109508 0.253735 0.0871391 0.0368872 -0.124634 -0.0330108 -0.0472477 -0.0526746 -0.0727436 -0.227376 -0.167997 0.261558 -0.166517 0.0118494 -0.189863 -0.00439616 -0.177159 -0.20447 -0.0129418 -0.0876677 -0.0958609 -0.0002731 -0.0650437 0.179009 -0.251656 0.226935 0.0922312 -0.277892 -0.169477 0.0716865 0.0595992 0.256184 0.0963895 -0.271249 0.0233199 -0.2229 0.21328 -0.110362 0.271461 -0.141091 -0.019884 0.0076206 -0.168208 -0.00272227 -0.085518 0.0729198 0.167186 -0.125251 0.0138933 -0.218002 -0.054419 0.111543 0.173723 0.242969 0.0998959 -0.139928 0.258792 -0.208875 -0.00148889 0.282438 -0.152985 0.0268967 -0.0996492 0.144386 0.260853 -0.206725 -0.247251 0.070964 0.244573 0.133374 0.268571 -0.0349138 0.0277425 0.254951 -0.195255 -0.216945 -0.0632994 0.0363234 -0.0927774 -0.283935 0.211306 0.0707878 -0.234882 0.156015 -0.264148 -0.227569 -0.0555643 -0.195713 -0.235604 0.129162 0.263708 -0.192224 -0.0435475 0.0787344 0.0567448 0.155804 
-0.206866 -0.21002 0.088161 -0.0455738 -0.167803 0.245348 0.26221 0.0498554 -0.122625 0.0683211 -0.208769 -0.2346 -0.274368 -0.109182 -0.113428 -0.285944 0.0969886 -0.0201659 0.260554 0.084778 -0.151399 0.00668674 0.179784 -0.13584 -0.174622 0.269787 -0.223305 -0.09757 -0.203413 -0.0135056 -0.239075 -0.190215 0.0443932 0.105939 0.270315 -0.256378 -0.172631 -0.0927951 -0.110133 -0.0404993 0.243181 0.0307731 0.197492 -0.051776 0.24977 0.0533441 0.121216 -0.152509 -0.280447 -0.210478 -0.0993144 0.176718 0.0186859 -0.0640218 0.092795 0.273804 -0.180524 0.272112 -0.175221 0.143223 -0.267619 0.270509 -0.0570796 -0.256854 0.18655 -0.246511 0.248625 -0.156685 -0.20565 -0.169371 -0.0662243 0.213826 -0.00892447 0.0213112 0.2229 -0.146095 0.0908569 -0.120018 -0.141849 0.21668 0.0974467 -0.126114 -0.244573 -0.0266324 0.0292754 0.0155495 -0.0379796 0.170869 -0.181247 0.237507 0.0480053 0.243128 0.0919845 -0.143012 -0.0817826 0.266139 -0.194109 0.118097 0.0525513 -0.267937 0.286966 0.2306 -0.106644 0.149355 0.101112 0.130854 -0.260977 0.0120256 0.113974 -0.193334 0.243251 -0.162112 0.284675 -0.24903 0.260149 0.0449042 0.0463138 -0.107966 -0.162781 0.127806 -0.0176463 -0.167168 -0.142131 -0.19751 -0.0908216 0.0569739 -0.0604273 0.187519 -0.266351 0.00513621 -0.0539256 -0.0830689 -0.0714926 0.185387 -0.208663 -0.157671 -0.0885134 0.179696 0.00675722 0.248502 -0.169001 0.287459 0.0587534 0.199184 
-0.325619 -0.143875 0.269144 0.275673 -0.344975 0.338907 -0.195828 0.263492 0.0400377 -0.0706744 0.227365 0.142375 0.00704784 -0.369913 0.277634 0.344283 0.376257 0.0816095 -0.307832 0.084101 0.286193 0.289769 -0.28407 -0.294567 
BIASES
0.114943 0.198003 -0.143399 0.231446 0.0804259 0.247956 -0.0862228 -0.122625 -0.203201 -0.153548 -0.040094 0.0623479 
-0.267972 0.0217517 0.119102 0.264025 -0.232485 -0.284429 0.149461 -0.205967 -0.102275 0.0213817 0.220116 0.087562 
0.00288086 -0.177053 -0.224609 0.25784 0.0372044 -0.192559 -0.285962 -0.275284 -0.0177344 0.186515 0.0551766 0.027531 
-0.299919 0.0286181 
END
FITNESS 13385.5
GENES
-0.116459 0.00217606 0.103032 0.0221394 -0.268588 -0.211923 -0.214548 0.0667881 -0.171468 -0.0676691 -0.144298 -0.154447 0.0692196 0.110644 0.0353366 0.195219 -0.0403936 0.0852185 0.133603 0.0701535 0.273381 -0.28272 0.0822055 0.262985 0.0446752 0.26621 0.15161 0.22986 -0.186145 0.20935 0.284411 -0.126202 -0.186586 -0.109693 0.0792806 -0.0463491 -0.0316541 0.146677 0.0932179 0.270227 0.213403 -0.0129066 0.222054 0.266915 -0.0817121 -0.168878 -0.131753 0.0417855 0.119683 -0.207025 0.274896 0.0573262 -0.154588 0.099984 -0.121533 -0.145619 0.0447104 0.0551942 -0.197457 -0.169988 0.0589649 -0.251867 -0.0474591 0.0348609 0.146941 -0.231587 -0.0531327 0.0498202 0.195043 0.239445 -0.221226 0.248467 0.0436004 0.20047 0.00999928 -0.155434 0.220204 -0.190973 -0.14532 0.114538 -0.149566 0.0410807 -0.116652 0.110573 -0.224803 0.0511417 0.199166 0.183114 0.138836 0.149443 0.239339 0.0508069 -0.0997373 0.165777 -0.285803 -0.191836 0.233049 0.00201748 -0.0916321 -0.152667 0.213738 0.226636 0.237754 0.000502151 0.0437942 0.274861 0.256536 0.230688 0.204329 0.191114 0.27613 -0.286684 0.241894 0.0132413 -0.179961 0.100354 0.0182806 -0.151698 -0.221402 -0.0057705 0.194691 -0.064339 -0.0179635 0.280041 0.163856 0.282843 -0.21224 -0.162253 0.0160605 -0.252255 -0.248625 0.127806 0.133374 -0.0742766 -0.147346 -0.0957376 -0.198056 -0.141391 -0.148368 0.280817 -0.0158491 0.203906 0.133074 0.248995 
0.250563 -0.268113 0.265241 -0.00820206 0.0356891 -0.159786 0.00319801 0.0309669 -0.207729 -0.0339447 -0.23349 0.139188 0.0788225 0.277997 0.157108 0.0954733 -0.0201307 -0.11408 0.0317422 0.0471243 -0.0485163 0.212892 -0.261681 -0.177582 -0.0863638 0.1089 0.257453 0.134554 -0.247691 -0.0983629 -0.216804 -0.0790339 -0.132105 0.112071 -0.0423141 -0.059934 0.272342 -0.0948037 0.198796 -0.0585244 -0.0871391 0.0568681 -0.158676 0.108882 -0.078893 -0.0816769 -0.189722 -0.134607 -0.236344 0.087562 -0.125251 0.121604 -0.192189 0.26924 -0.0554409 -0.25333 -0.143998 -0.00927685 -0.273874 -0.151663 0.234318 -0.261135 0.00318039 -0.285926 0.184806 -0.20706 -0.140739 -0.2688 0.147117 0.0916674 0.0355657 -0.243128 -0.207818 0.141919 -0.187185 0.173195 0.125656 -0.00238749 -0.0796154 -0.128528 -0.208205 0.161671 0.015761 0.13318 0.246458 0.284781 -0.226283 -0.00857206 0.114503 0.287477 0.211024 0.123119 -0.248326 -0.262263 -0.147822 0.278508 -0.209826 0.265399 0.260483 -0.207307 0.253876 -0.0828751 -0.0493973 0.0422612 0.188718 -0.177881 -0.132281 -0.0838089 -0.224768 -0.0523398 0.0268791 -0.0925131 0.249947 0.273029 0.104794 0.121427 0.138201 -0.25007 -0.25592 -0.276517 -0.131101 0.139981 -0.185035 -0.133673 -0.00568241 0.169001 -0.183114 -0.278949 -0.110944 -0.20928 0.170833 -0.223764 0.0497849 -0.000308356 -0.0339623 -0.279143 -0.141761 0.0877381 0.0665414 -0.121868 0.280147 -0.2765 -0.168331 -0.142536 
-0.216575 0.0946275 -0.0309141 0.280253 0.261118 -0.248414 0.205597 -0.287547 0.164755 -0.251409 0.266386 0.11556 0.172684 -0.145901 -0.233948 -0.176507 0.181899 -0.196576 -0.223658 0.272941 0.113534 0.129938 -0.172543 -0.228556 0.205404 -0.0835446 0.106732 -0.0359886 0.15968 -0.287248 0.284623 -0.0988563 0.267655 0.254457 -0.0344733 0.243339 -0.161971 0.0330813 0.276394 0.0107922 0.0920903 0.251039 0.0438118 -0.247374 -0.0760914 0.00314515 -0.071105 -0.104371 -0.227887 0.034209 -0.112424 0.0636341 0.269152 0.223094 -0.138307 0.252184 -0.0552823 -0.094557 0.0380854 -0.165477 0.0118317 0.042226 0.188718 -0.0979048 -0.273099 0.179555 0.202725 -0.280147 0.16768 0.177547 0.168543 -0.272447 -0.0795801 0.230653 -0.1924 0.135418 -0.0574143 -0.0806549 0.236608 0.0394068 -0.0621541 0.208469 -0.222988 -0.0384906 0.0456795 -0.106028 0.0677924 0.0380854 -0.00300418 0.228697 -0.23386 0.225825 -0.276429 -0.00881875 0.17545 -0.0551061 -0.0767257 -0.0758271 0.0848309 0.0642332 0.217826 -0.0381558 0.118432 0.0300155 -0.243551 0.089042 0.229419 -0.0293987 0.211359 -0.200946 0.244502 0.00127744 -0.147875 0.0647618 -0.203941 0.211412 0.00763822 -0.0972176 0.0416093 -0.0915088 -0.0994201 0.106028 0.043759 0.178428 0.00829014 -0.126749 0.0256457 0.254087 -0.249876 0.0658366 -0.244203 -0.165671 -0.159698 -0.0252581 0.23615 0.154887 -0.275037 0.173653 -0.166147 -0.212786 -0.1351 0.0731489 -0.0410983 -0.0934822 
0.201596 0.309839 -0.0377307 0.364469 -0.195182 -0.0351238 0.129987 -0.0160912 -0.299735 -0.150773 -0.0940903 -0.369521 -0.0409836 0.262477 0.254933 0.267737 0.100388 0.330464 -0.213154 0.339576 -0.327349 -0.240491 0.171628 -0.348758 
BIASES
0.0926541 -0.006211 -0.0462257 -0.0126599 0.259673 0.00358564 0.111666 0.143769 0.0979224 -0.0988915 0.0225799 -0.00421995 
-0.101623 0.243603 0.242881 -0.072497 0.103984 -0.166904 -0.0410279 -0.0680567 -0.239569 0.0784349 -0.021276 0.0963719 
-0.139329 -0.135171 -0.118855 -0.0062991 -0.12844 0.0895001 -0.169935 -0.133056 -0.210742 -0.142201 0.0540842 -0.0222275 
0.311731 -0.0636612 
END
FITNESS 10510.3
GENES
0.0776772 0.143276 -0.0967067 0.274385 0.199448 -0.068092 -0.171433 -0.0983101 -0.269117 0.0635284 -0.00413185 -0.0121841 0.122749 0.0866809 0.16079 -0.000114526 0.132352 -0.159521 0.0597578 -0.208152 -0.167362 -0.0874738 -0.159486 -0.171503 0.0127832 -0.24311 0.00672198 -0.0194435 0.0910859 0.27428 0.100583 -0.204029 0.260219 0.0468072 0.255479 -0.0233375 0.0159724 0.112705 0.22364 -0.117463 -0.0561986 0.122044 0.0108627 0.0298216 0.0694487 0.181723 0.187537 -0.213121 -0.0843904 -0.108565 0.234142 -0.188436 -0.0779063 0.217843 -0.0810074 0.0109331 0.133532 0.286473 -0.242952 0.25784 -0.146465 -0.0652023 -0.22623 -0.158641 -0.05678 0.105939 0.128493 -0.001066 -0.0843728 -0.19832 -0.0653433 -0.266545 0.164261 0.150095 0.140862 0.233155 -0.254651 -0.12763 -0.118573 0.0142809 0.0521989 0.209685 0.243762 0.146254 0.181863 0.130643 0.242423 -0.0532208 0.106539 -0.119859 0.101429 0.19751 -0.240608 0.0412746 0.0994377 0.0413803 -0.24563 -0.263338 0.263919 -0.00710962 -0.06707 0.194321 0.138519 0.109763 -0.274667 -0.0167829 -0.131013 -0.0166596 -0.0166067 0.268412 0.0990501 -0.0112503 -0.120247 0.0398297 0.189704 0.0597049 0.0781177 0.241965 -0.240626 0.0477763 -0.00436092 0.22283 0.171133 0.240626 -0.215429 0.232979 -0.00536526 -0.252255 0.0507012 -0.255708 0.122308 -0.0108803 0.120476 0.122485 -0.135012 0.0248881 -0.000977907 0.268835 0.284112 0.199589 -0.0975524 0.116 0.127277 0.261822 
-0.0770076 0.0950856 0.270844 0.134537 -0.236115 0.0139285 0.192647 -0.180278 -0.0284825 0.0960195 0.038332 -0.262809 -0.222865 0.15679 0.0394068 -0.12948 -0.205862 -0.16072 -0.00721534 -0.256783 -0.198638 -0.148773 0.240626 -0.118062 0.19929 0.266879 -0.0913855 -0.0435123 0.156473 0.0974643 -0.000960288 0.254316 0.186656 -0.264025 0.169847 0.156508 -0.135558 0.0878791 0.260254 0.273099 0.152068 -0.00672198 0.0131004 0.172648 -0.109657 0.186286 -0.0288525 0.0957376 -0.0318303 -0.191713 -0.115419 -0.257735 0.104336 0.0718098 -0.0837384 0.212734 0.0241656 -0.0628236 -0.172631 -0.115983 -0.219922 0.130396 0.275125 0.114679 0.0282006 -0.212716 0.250528 0.0134175 -0.102504 -0.256995 -0.0158491 0.20706 0.191466 0.21587 -0.116406 0.037962 -0.256043 -0.0236899 0.212011 0.0443228 0.174886 -0.238476 0.154077 -0.0735541 -0.061326 0.283002 -0.175802 -0.188365 -0.159821 -0.103208 -0.177952 0.216328 -0.244379 0.182145 0.157566 -0.141972 0.0730784 0.249171 0.0794744 -0.00480142 -0.285116 0.145478 0.0517936 0.0130475 0.214478 -0.0434946 -0.0934822 -0.137849 0.204734 -0.0422613 0.190955 -0.158447 0.182709 -0.0392483 0.160332 0.0534851 0.175697 -0.252572 0.0114089 -0.163134 -0.218883 -0.111261 0.230547 0.0841437 -0.0514941 0.223552 -0.121762 0.0878086 -0.189969 -0.0871214 -0.0370282 -0.0953147 0.0525689 -0.19085 -0.130396 -0.115983 -0.213474 0.0859057 -0.0764614 0.264448 0.136669 0.218707 -0.211976 -0.00834301 
-0.0465429 -0.117392 0.120106 0.0542428 -0.0994377 -0.174921 -0.207659 0.212223 0.221103 -0.208064 -0.127541 -0.185493 0.223164 0.265875 -0.0612379 0.222195 -0.134748 -0.0728846 -0.088302 0.223006 -0.0797916 0.141496 -0.0592468 0.195272 -0.052005 -0.144333 0.202496 0.188119 0.085659 -0.174146 -0.166499 0.0191087 0.24933 0.17663 0.285045 -0.0361295 -0.130484 -0.176525 0.198655 -0.253682 -0.1622 0.231516 -0.208487 0.177881 -0.0288173 0.10416 0.118661 -0.0423317 0.022668 0.217561 0.189422 0.0655019 -0.145725 -0.201474 -0.17767 0.176472 -0.1274 0.197528 0.246123 0.106204 0.229666 0.141197 -0.0617136 -0.0465253 -0.110415 0.0479701 0.226072 -0.175309 -0.162887 0.269099 0.243286 -0.264853 -0.0185802 -0.231904 -0.190938 -0.00564717 -0.195149 -0.268289 0.214742 -0.21661 -0.184242 0.14969 0.122344 0.00529478 -0.00177079 0.207324 0.232855 0.0334161 -0.176207 -0.233842 0.0711402 0.212117 0.0593525 0.0744528 -0.0319713 -0.264853 -0.0335042 -0.171662 0.247198 0.0236547 -0.0583482 -0.263303 -0.272694 -0.235005 -0.272042 0.163239 -0.0189678 -0.182251 -0.0608502 -0.197298 0.140844 0.102081 -0.0871919 0.172454 0.240044 -0.247251 0.21069 0.204258 0.188577 -0.0251348 -0.103015 0.151663 0.247727 0.0944161 -0.201281 0.252748 -0.0821703 0.100636 0.146994 0.0839498 -0.0511593 0.171838 -0.23793 0.211112 -0.231041 0.0897292 0.192259 -0.0511769 0.237119 0.00342706 0.0297159 -0.237542 -0.0267381 0.251938 
0.349773 0.12355 -0.071874 0.189276 -0.226073 -0.152526 -0.0526569 0.339461 0.0656221 0.208009 -0.10897 -0.132663 -0.119029 0.262938 -0.25754 0.171374 -0.327049 0.205448 -0.0646532 0.312585 0.0382382 -0.00746309 0.27122 -0.021305 
BIASES
0.197351 0.0157786 0.0467014 -0.228045 0.249841 -0.0660128 -0.109675 0.238547 0.171415 -0.230283 0.125868 0.0523927 
-0.221931 0.0362353 0.00215844 -0.0287292 0.261259 0.27176 -0.17885 0.0934998 -0.00122458 0.179291 -0.178974 -0.136898 
0.134078 -0.18537 -0.208928 -0.0255752 -0.209069 -0.273681 0.0228794 -0.277592 -0.083016 -0.285415 0.0650261 -0.27946 
-0.277034 -0.24732 
END
FITNESS 7665.9
GENES
0.278632 0.112917 0.143364 0.147188 0.0123427 0.0119551 -0.199994 -0.126114 0.0342618 -0.279354 -0.0285354 -0.169353 0.195078 0.00744441 -0.0110741 -0.287547 -0.0275839 0.1123 0.164984 0.153742 -0.0366758 0.269663 -0.218019 0.175115 0.0896587 0.236027 0.137867 0.242582 0.0194083 -0.169477 -0.178639 -0.229402 0.0896763 0.279354 0.277064 0.129427 0.151504 0.247973 0.171662 0.25599 -0.181423 -0.214037 0.0863109 -0.0298569 -0.150729 -0.282667 0.0875972 -0.172173 0.0610793 -0.113745 0.155099 -0.0890068 -0.142148 -0.0431599 -0.125339 0.242212 0.233225 -0.173653 -0.130484 0.0279011 0.0510359 -0.114097 0.223816 0.150236 -0.0996844 -0.0796506 0.102768 -0.239745 -0.0251876 -0.231798 0.174868 0.0530622 0.0781353 -0.0441818 -0.084267 -0.273487 -0.248238 0.230582 0.0597578 -0.176789 0.276271 -0.019144 -0.0307555 0.147699 0.19159 0.199466 0.187625 -0.23763 -0.0562338 0.00869542 -0.0538023 -0.0795801 -0.201774 0.105605 -0.109129 -0.000801697 0.275672 -0.205615 -0.201192 -0.196224 0.221068 -0.0351252 -0.181212 -0.0407107 0.0293459 -0.16153 0.201915 -0.0954909 -0.057802 -0.159398 -0.0268086 0.216909 -0.2152 0.153231 -0.0970062 0.12141 -0.128035 -0.19936 -0.163098 -0.200276 0.214901 0.256026 -0.216081 0.0843904 0.0674048 -0.0532208 0.0180163 -0.083016 0.138959 -0.18803 -0.221966 -0.256871 0.275795 -0.0611674 0.213209 0.253946 0.13355 -0.0736951 0.189458 0.0278482 0.261681 -0.254334 -0.158429 -0.0424903 
-0.265593 0.0393892 0.0144747 0.0880905 0.23571 0.190303 0.110503 0.0898173 -0.0965305 -0.0363234 0.104283 0.223905 -0.212381 -0.136334 -0.0651495 0.0712636 -0.224468 0.00739155 0.201809 -0.111913 0.151134 0.138765 0.174974 -0.279707 -0.00688056 -0.112864 0.266368 0.143223 -0.0639337 -0.206232 -0.111225 0.0972705 -0.213879 -0.123313 -0.187273 0.282085 0.246916 -0.278755 -0.0538904 0.0743823 -0.175203 -0.246335 -0.0838442 -0.104213 0.210672 0.179027 -0.270791 -0.11674 0.237419 0.128035 -0.195396 -0.140633 -0.20639 -0.15494 -0.0322884 0.115948 0.143241 -0.19899 0.162746 -0.0746994 0.0923017 0.141073 0.160702 0.220486 -0.14384 0.124687 -0.131506 -0.1465 -0.0561633 -0.187167 -0.175996 -0.0442699 -0.0153029 0.195871 0.0188621 0.0360238 -0.174745 -0.0245533 0.0981691 -0.236661 -0.261681 0.205298 0.233331 -0.115542 -0.237084 -0.0071801 -0.0562338 0.0574672 0.213421 0.240009 -0.0627179 -0.246246 -0.087932 -0.219658 0.203272 0.00903018 -0.0429132 -0.264642 0.00601717 0.0513884 -0.234758 -0.129656 -0.0594582 -0.133462 0.129568 -0.114097 0.150905 -0.158729 0.0309493 -0.182515 0.0697835 -0.115225 0.212363 -0.222477 0.130431 0.138853 0.254299 0.140686 -0.160579 -0.0969533 -0.149161 0.0974819 0.167503 -0.227499 0.262686 -0.281803 0.0278658 0.150324 -0.0970238 -0.0117965 -0.00462521 -0.0223332 0.240168 0.183185 0.149284 -0.186868 -0.192664 -0.253083 -0.00332135 -0.174675 0.00806108 -0.000960288 0.0614669 -0.282878 
-0.2078 0.113181 -0.119489 0.0508069 -0.113216 -0.128722 0.12992 0.0514236 0.255726 0.192717 -0.0390544 0.252907 0.0995963 0.142712 -0.236186 0.0869981 0.181899 -0.0340152 0.147769 -0.241612 -0.146148 0.269487 0.134537 -0.0373805 -0.00631672 0.205051 0.0846899 0.107613 0.0426841 0.0824169 -0.00723296 0.0363762 0.125744 0.275865 0.241683 0.145355 -0.0969533 0.122766 0.0714574 0.276746 -0.0559695 0.224433 0.275548 -0.215095 0.157354 -0.27694 0.183203 -0.267249 -0.0868219 0.0483049 0.0604626 -0.197087 0.165054 -0.221209 0.142589 0.117551 0.0832275 0.195114 -0.0751223 -0.0259276 0.0538551 -0.181141 -0.105182 0.22653 0.0918259 -0.176437 0.0943985 0.165125 -0.252237 -0.233173 0.00510097 0.242758 0.104706 -0.24422 -0.0818002 -0.23134 0.0878615 0.0425784 0.199466 -0.236467 -0.192383 -0.271989 -0.234159 0.0961076 0.272641 0.00377945 -0.00152412 -0.0592468 0.0684092 -0.244925 -0.17945 -0.0856942 0.277857 -0.0761795 -0.288164 -0.0803378 -0.23615 -0.164984 -0.189088 -0.284975 0.173247 0.155099 0.0618017 0.278279 -0.104442 -0.274297 0.258052 0.282684 -0.200047 -0.212874 -0.142131 0.18796 -0.0162367 -0.0515117 0.0421379 0.179714 -0.036341 -0.00436092 -0.193933 -0.157689 0.0181749 -0.0227384 0.103367 0.23238 -0.0531151 -0.0417679 -0.24933 0.071616 -0.117163 -0.0363762 -0.00194699 0.0057705 0.00122458 -0.229543 -0.259021 -0.280147 -0.280729 0.225103 0.0119375 0.124458 0.158658 -0.029945 -0.273134 0.0222451 
-0.226811 0.102649 0.345736 0.089707 0.164084 0.22192 -0.307532 -0.245797 0.215253 0.000842068 0.288177 -0.263907 0.0900531 -0.105348 -0.178872 0.359601 0.128949 -0.143183 -0.335862 0.231932 -0.265868 -0.244206 0.317083 0.183924 
BIASES
0.153143 -0.110115 -0.0908745 0.118168 -0.0826108 -0.108988 0.19388 -0.151381 -0.179027 -0.229331 0.187978 -0.019655 
-0.0690611 0.133233 -0.183714 -0.194303 -0.178903 0.154059 0.202849 -0.115437 0.236291 0.0169063 0.222019 0.287847 
0.0730079 0.227851 0.170041 0.0465429 -0.0186506 -0.0216284 0.192488 -0.182744 0.0916674 -0.0488335 0.184824 -0.0487101 
-0.372105 0.253987 
END
FITNESS 7563.24
GENES
-0.15346 -0.130361 0.135823 0.263338 0.254105 -0.188894 -0.261629 0.189863 -0.0526041 0.274985 0.0548947 0.0258395 -0.0171353 -0.120476 0.156438 0.171186 0.259461 -0.0377682 0.144527 -0.184718 -0.180507 -0.00347992 -0.0382087 0.288534 0.14576 0.185969 -0.235446 0.264201 -0.00235225 -0.00432568 -0.217896 0.00524192 0.0638104 0.144245 0.186357 -0.192894 0.200153 0.280429 0.0512121 0.0158491 0.0251876 -0.132264 -0.032958 -0.102891 0.0755276 0.274667 -0.11637 -0.151311 -0.140563 0.00536526 0.211218 0.190656 -0.173406 0.120881 0.0628589 -0.129162 0.127471 0.238917 0.0896235 -0.132951 -0.283407 -0.147399 -0.249066 0.189828 0.220292 -0.209562 -0.0643742 -0.114097 0.224768 0.0821526 0.198356 -0.0839146 -0.00584098 0.0226151 -0.204822 -0.167944 -0.0352662 0.16264 -0.134096 0.250563 -0.254264 -0.105693 -0.219182 -0.259972 0.0259453 0.174833 0.010986 -0.150024 0.259497 -0.139963 -0.0794392 -0.029945 -0.273082 -0.189158 -0.0462433 -0.209245 0.0404112 -0.220751 0.0789987 -0.287266 -0.0536085 -0.0720212 -0.0788577 0.233507 0.124511 0.0733251 -0.049503 -0.103755 0.175556 -0.15531 -0.0787168 -0.24237 -0.276024 -0.220803 0.279372 0.103173 0.261488 0.193457 -0.154799 0.253136 0.0272315 0.160226 0.110609 -0.109992 -0.0868395 -0.216328 0.217667 0.0486044 -0.0116555 0.017241 -0.113569 -0.110063 0.0118494 -0.246229 0.133673 0.102222 0.271513 0.0211174 -0.00384994 -0.187625 -0.0479701 0.000942669 -0.114133 0.160755 
0.0336099 0.063317 -0.189651 -0.159627 0.113287 -0.0761971 0.0893768 0.0996315 -0.213015 -0.125709 0.0360062 -0.243093 -0.124599 -0.0424903 -0.19795 0.115137 0.144016 -0.0416974 0.191079 -0.267496 -0.00931211 0.0110036 -0.246017 0.0326056 0.16294 -0.149901 -0.00430806 -0.13977 0.109974 0.186674 0.163504 -0.0699597 -0.279795 0.166147 -0.250334 -0.279002 0.0494502 0.163275 -0.00612291 0.25851 0.243427 -0.171556 0.000995527 -0.044499 0.270914 0.0641628 0.122167 -0.158359 -0.257083 -8.80967e-06 0.131735 0.155487 0.124934 -0.0455033 0.228997 0.00966451 0.0399883 -0.279284 -0.0970943 0.00268702 0.207624 0.276324 -0.197792 -0.143558 0.210707 -0.0125718 -0.0831922 0.191325 0.170816 -0.241912 -0.209879 -0.0595464 -0.0829455 0.111454 -0.157848 0.247075 0.0683387 0.0356362 0.285134 -0.00437854 -0.07662 0.21069 0.175397 0.171362 0.0427018 0.241806 0.0119375 -0.110098 -0.201809 0.0211527 0.032817 0.136704 0.0836327 0.0397416 -0.0708583 -0.210196 -0.270262 -0.198673 0.210989 -0.0340856 -0.141038 0.130396 -0.0250643 0.108653 0.10423 -0.13473 -0.0316189 0.12659 -0.227534 0.234054 -0.0737127 0.0833332 0.00157696 -0.100706 0.230301 0.199765 -0.215817 -0.257964 -0.246934 0.176384 -0.195255 -0.205809 -0.0626651 0.0188621 0.0352485 -0.115895 0.0443228 0.219658 -0.160173 0.260889 -0.0279187 0.014739 -0.187343 -0.0942927 0.197228 0.228715 0.242987 -0.234476 0.229296 0.189581 0.0504193 -0.0429837 0.142413 -0.154447 
-0.0552119 -0.270456 -0.0455033 0.138025 0.245101 0.0886368 -0.28723 0.0988739 -0.261752 0.109217 -0.164772 0.000819333 0.222354 -0.288023 -0.0848309 -0.177247 -0.000343594 -0.252924 0.0275663 -0.165054 -0.0512122 -0.272941 0.0969357 -0.0300154 0.288199 -0.185546 -0.219746 -0.0431246 0.245471 -0.134959 0.254792 0.0926188 -0.143065 0.163697 -0.2269 -0.0738184 -0.0539785 0.118027 -0.0362529 -0.0747699 0.081906 0.124229 -0.27139 -0.0629117 -0.194867 -0.0166596 0.0663829 0.0907335 0.0347376 0.236978 0.137303 0.261435 0.128193 -0.19892 -0.18463 0.280411 0.210901 -0.269381 0.0136113 -0.102257 0.205175 0.142853 -0.138272 0.104107 -0.0212231 0.132316 -0.0796154 0.199977 0.12622 -0.17064 0.119049 -0.275971 -0.279989 0.00162982 -0.130924 0.206778 -0.217491 0.0824169 0.00934733 0.271989 0.155257 -0.159733 0.17908 -0.16264 0.248766 -0.199871 -0.0642156 0.00851922 0.00975261 -0.142888 0.099702 -0.0162015 0.0416622 -0.146782 -0.059282 0.0807783 0.102363 -0.173864 -0.0314955 0.0777124 0.110926 0.236538 0.168085 0.248696 0.000872191 -0.117498 -0.0223332 0.059053 0.242018 -0.109041 0.243163 0.16819 -0.0542251 -0.0525336 0.167186 -0.180947 0.149936 -0.227164 -0.120758 -0.119313 -0.0405345 0.0914735 -0.087051 0.158799 0.0680215 -0.0666295 0.133885 0.0859585 0.182198 0.103455 -0.203606 0.0669995 0.253823 -0.154429 0.118344 -0.110979 0.125656 -0.00182365 0.082135 0.132264 -0.00985831 0.246969 0.13029 0.104213 
-0.139284 -0.042783 0.132709 0.168652 -0.317199 0.23657 0.218713 -0.320474 0.268244 -0.19539 -0.00610196 -0.173381 0.0462204 0.12152 -0.0790718 0.189415 0.0217203 0.0757728 0.269629 -0.296551 -0.00437173 0.237192 -0.208494 0.353072 
BIASES
-0.237842 -0.0996316 -0.0245004 0.267549 0.250916 0.0133647 0.199977 -0.101341 0.233137 0.0311255 0.0875972 -0.244414 
-0.25518 -0.091685 0.222706 0.0288526 0.129268 -0.276042 -0.168032 -0.125357 -0.276817 0.193545 -0.236238 -0.0710697 
-0.269329 -0.270104 -0.154817 -0.0346318 0.122255 0.146729 0.239621 -0.00821968 -0.0802144 -0.155927 0.211835 0.0237075 
-0.323981 -0.00506383 
END
FITNESS 7413.56
GENES
-0.0657133 -0.221332 0.287618 0.138519 -0.2651 -0.286138 0.104072 0.263514 0.119295 0.144844 -0.207218 0.102926 0.0650966 0.0940989 0.274826 -0.247621 0.235216 0.20861 0.0741885 0.224592 0.0433889 -0.200805 0.230142 0.0426665 -0.136862 -0.187361 0.0723384 0.193017 0.0983101 0.20706 -0.0297159 0.278843 0.0924426 0.120529 -0.255056 0.182427 0.142554 0.273751 0.193616 -0.107314 -0.220751 -0.170023 -0.120212 0.258528 0.197739 -0.144474 -0.164015 0.211412 -0.0399002 -0.1699 0.247533 0.146254 -0.0635108 -0.0723208 0.033469 0.0754747 0.254651 0.136404 0.136281 -0.0642509 0.0289759 0.277257 0.0738889 -0.0994906 -0.0403936 0.0735189 0.11297 -0.00570003 0.0972176 -0.133744 -0.228204 -0.251039 -0.207976 -0.0265796 -0.184595 0.0845842 0.205985 -0.135047 0.183361 0.0721093 0.240643 -0.229631 -0.141919 -0.00164746 0.116124 0.117851 -0.225402 -0.0739065 -0.0105103 0.266175 -0.231604 -0.0262624 -0.234882 0.0119727 -0.100477 0.167732 0.187149 0.137303 0.0369224 -0.258809 -0.180507 0.283407 -0.0420322 0.0828046 0.127841 0.231375 0.198003 0.239798 -0.00982307 -0.0116555 0.131347 0.148791 -0.0669996 0.141232 -0.130484 -0.0791573 -0.27065 0.186057 0.148897 -0.0377153 -0.159187 -0.241066 -0.135259 0.0725674 0.154306 -0.100372 -0.14162 -0.00867778 0.145426 0.0357595 -0.0878086 0.11334 0.269699 -0.0567624 -0.131242 0.224521 0.0533265 0.061555 -0.0881258 0.174023 0.190392 0.181863 -0.0442171 -0.241753 
-0.102926 -0.0585068 0.0909802 0.248766 0.233173 -0.128352 0.152227 0.0148447 0.261118 0.240767 0.0822407 -0.261012 -0.13651 -0.122026 0.16886 -0.139682 -0.12296 -0.0855004 0.239251 0.183872 -0.148157 -0.10268 -0.15598 0.266263 -0.146941 0.250334 0.18359 -0.228979 0.0446047 -0.157407 -0.071616 -0.178163 0.165759 0.229049 -0.110133 -0.2574 0.145514 0.126608 0.0337685 0.027672 -0.0758624 -0.225508 -0.248907 0.157689 -0.272941 -0.103843 -0.110662 -0.204981 0.0149681 -0.0997549 0.138977 0.0568681 0.0459262 0.245876 0.0926365 0.121128 0.0469305 -0.247233 -0.118502 -0.280235 0.157143 0.287195 0.0459262 -0.112441 -0.014369 -0.21076 0.00901256 -0.180577 0.0286235 -0.0708759 0.00631674 0.10238 0.128898 0.119894 0.0668586 -0.217456 0.263831 0.133162 -0.256131 -0.157072 -0.000678361 -0.2115 0.273628 -0.0250114 0.164332 0.0647971 0.158605 0.0650085 0.195942 -0.121956 0.287547 0.206478 -0.0936408 -0.197862 -0.226495 0.267267 0.276465 0.0487277 -0.222953 -0.249136 -0.0976053 -0.0587534 -0.0399178 0.135347 0.175837 0.0558286 0.218301 0.0367639 0.235181 -0.169794 -0.156332 -0.185264 -0.0349842 -0.103702 -0.163521 0.193264 0.163785 0.205615 -0.0588592 -0.0327994 0.259091 -0.261135 0.166517 -0.115119 0.0112503 -0.161107 0.0973938 -0.121427 -0.189105 0.214901 -0.0159724 0.197915 0.237736 0.0492387 -0.196699 -0.0311607 0.105094 0.183502 0.278315 0.268729 0.00834299 -0.237877 -0.259391 0.0443756 
-0.0901521 -0.0816593 -0.28753 -0.105622 -0.166534 0.162728 -0.00533 -0.253383 0.224592 -0.0591235 0.0396007 -0.0316189 0.11926 0.039583 0.049133 0.0613259 -0.175785 -0.0720388 0.159363 0.2343 0.0371163 0.18019 0.17256 0.258792 0.15598 -0.174868 0.0750519 0.00804347 0.198215 0.187713 0.132316 0.110063 0.0685501 -0.0597402 0.21846 0.278738 0.0189854 -0.142606 0.0577667 0.104371 0.0812893 0.260201 0.0359357 -0.132034 0.00587622 -0.171679 0.217068 -0.190603 -0.202637 0.128229 0.110573 0.0327994 0.0705235 0.286631 0.28864 0.0566919 0.00804347 0.0145452 -0.262298 0.192048 0.226706 0.0295045 -0.140298 -0.285592 0.250158 0.183308 -0.231041 -0.213139 0.204664 -0.0683563 0.151452 -0.251004 -0.100143 -0.279337 -0.245313 -0.0751575 -0.285063 -0.155821 0.0430718 0.142289 -0.083897 -0.0349842 -0.222424 0.188788 -0.0607621 -0.104001 0.25074 0.0560929 0.0371691 0.215183 0.0489392 -0.152192 -0.102997 -0.153531 0.0732018 0.0897292 0.0911212 0.150359 -0.000220242 0.00663388 -0.187326 -0.046261 -0.0167477 0.279654 0.223446 -0.275883 -0.24637 -0.235216 -0.0638632 -0.105552 0.249577 0.191872 0.0424375 -0.00335659 -0.0607974 0.242335 0.0126775 -0.223658 0.208399 -0.0473886 0.145972 0.286208 -0.156561 -0.271249 -0.0200074 -0.220328 -0.0834565 -0.0922312 0.256325 -0.276887 0.255338 0.162358 0.159733 0.159504 0.144756 0.0658895 -0.26325 -0.258175 0.031196 0.114133 -0.210549 -0.123313 0.13362 -0.0980986 
0.33284 0.0791411 -0.00677099 -0.252765 0.169782 -0.34096 -0.133447 0.0020878 -0.211977 -0.366291 -0.25897 0.0278107 -0.150542 0.263584 0.0347316 -0.113884 -0.377042 -0.289884 -0.161939 0.0367156 -0.377365 0.200834 -0.320221 0.315653 
BIASES
0.0764438 0.278597 0.108935 -0.000414071 -0.182286 0.038843 -0.151046 0.208998 -0.121868 0.282649 0.184718 -0.0562867 
0.209298 0.0535027 0.0596697 0.04649 -0.125286 0.16664 -0.0651495 0.220328 -0.219658 0.270174 -0.255338 -0.0473182 
-0.087932 0.00564717 0.23756 0.256713 0.245348 0.20861 0.0405345 0.253876 0.110714 -0.111631 0.283424 -0.0432304 
0.231356 -0.220167 
END
FITNESS 6997.43
GENES
-0.262439 -0.195907 0.0480758 0.279883 -0.0864519 -0.109076 -0.0258043 0.20003 0.282896 0.140157 -0.270456 0.134131 0.174904 0.25932 -0.111507 0.134325 0.169671 0.050895 0.167715 -0.0745409 0.137902 0.169301 -0.174516 0.0888482 0.0916674 0.217773 0.267778 0.0898525 0.111736 0.193246 -0.0803202 -0.121145 -0.0531327 0.0288526 0.000308338 -0.0400764 -0.253823 -0.221843 -0.287776 -0.271601 0.210989 -0.190603 0.0608502 -0.0586301 0.16301 0.0897468 0.0115498 -0.115225 0.207659 0.23763 0.157936 -0.280112 0.0970767 2.6429e-05 -0.0814126 -0.27243 0.203518 0.100812 -0.0282535 0.00466045 -0.0959666 0.23053 -0.013488 -0.163151 -0.177141 -0.10305 -0.103931 -0.275143 0.155275 0.0616784 -0.0323765 0.0919317 0.287054 -0.264994 -0.168367 0.226935 0.0163601 -0.111913 -0.192048 0.151698 0.0866281 0.194321 0.072585 -0.27132 0.0277954 -0.195519 -0.151963 0.00725056 0.251991 -0.208223 0.244097 -0.029804 0.0504721 -0.00409662 0.229719 0.0291873 0.169723 0.0270025 -0.244238 0.235058 -0.118626 0.0452566 0.0864871 -0.0675458 0.110908 0.107155 -0.22949 0.104072 0.230107 0.0452214 -0.0184744 0.122749 0.0785053 -0.173036 -0.239339 -0.0283239 0.0147566 0.0502431 0.0875796 0.228327 0.170657 0.211553 0.198567 -0.0974115 -0.207729 0.177952 -0.117392 0.0133999 0.14976 0.189704 -0.165583 -0.284852 -0.223993 0.205492 -0.0618369 -0.213667 -0.0500669 0.267989 0.263303 -0.285592 -0.0537494 -0.18463 0.0271786 -0.274667 
-0.0957376 -0.248819 -0.143505 0.0867691 0.170146 -0.114926 0.0441994 -0.272342 -0.085148 -0.117745 -0.0847956 -0.22505 0.161759 -0.133638 0.19825 0.22808 -0.159592 0.202814 -0.0368696 0.203994 0.207588 -0.144985 0.180842 0.0309845 0.0813421 -0.215465 0.234529 0.240397 -0.195854 -0.205862 0.246106 -0.144298 -0.191889 0.0176287 -0.146218 0.131612 0.151011 0.0745937 -0.0455033 -0.0232847 0.17515 0.165583 -0.221314 0.182022 0.0394773 0.0126246 -0.147099 -0.197986 -0.187643 -0.079492 -0.246564 0.0787696 0.184947 -0.136105 0.0516527 -0.16708 -0.0846018 -0.278949 0.241454 0.0215227 -0.162781 0.022897 -0.260466 0.231922 -0.118256 -0.0120784 0.100195 0.192576 0.102627 -0.283037 -0.0534323 0.0401469 0.235657 -0.145884 -0.187061 -0.278385 0.121128 -0.185652 -0.260624 -0.0688849 0.140756 0.00883637 -0.114626 -0.235763 -0.044499 -0.0695368 0.282878 -0.159698 -0.108001 -0.159944 0.180137 -0.275707 -0.200276 0.225473 0.0252757 0.131259 -0.272817 -0.154553 0.189863 -0.100618 0.12548 -0.190198 0.0589473 -0.0531327 0.154024 0.0739418 0.248132 0.156967 -0.119789 -0.159398 0.0269496 0.251832 -0.248907 -0.205844 0.214742 -0.16264 0.242264 -0.237824 0.164208 0.0189149 0.25821 0.121974 0.253717 0.0384554 0.0763205 -0.0304207 0.235199 -0.00691579 -0.0971824 -0.208381 0.240238 0.198867 -0.167063 -0.0747347 -0.012748 0.176807 -0.210566 0.237119 0.105587 -0.0505074 0.0352133 -0.18759 -0.0352662 0.274315 
-0.0128537 0.284305 -0.264307 0.130484 0.191132 0.0459262 -0.262774 -0.10927 0.0832979 -0.0577139 0.23911 -0.0710874 -0.0426665 -0.22623 0.0846194 0.0325175 0.240097 -0.242441 0.191149 -0.0401645 0.187643 -0.106961 0.040975 0.224627 -0.0663652 0.239569 0.0956671 0.121269 -0.153901 0.0316189 0.192629 -0.279372 0.0973233 0.1961 -0.14021 0.152826 0.176137 0.268518 -0.155275 0.246599 0.0929712 0.04649 -0.17545 0.00793775 0.119947 -0.135858 0.253013 -0.230406 0.238987 0.0105455 -0.152967 -0.279319 0.181881 0.104248 0.133532 0.195114 0.0805316 0.101764 -0.102028 -0.0776243 -0.275636 0.287741 0.193581 0.125251 -0.092566 0.19277 -0.134378 0.120599 -0.17922 0.137567 -0.0595816 -0.186409 -0.254052 0.152879 -0.279724 -0.0624536 0.118432 -0.0255929 0.0470715 -0.158588 -0.133744 0.0578372 0.0399002 -0.157143 0.103667 -0.192206 -0.117199 -0.134061 -0.081254 -0.105658 0.00952352 0.226794 0.150676 0.231463 0.0232494 -0.249753 0.16301 -0.0857823 -0.176754 -0.0320065 0.0442523 -0.0733251 -0.0748228 0.188048 0.171151 -0.0941518 -0.0171706 0.26991 0.172824 0.166164 0.00370897 -0.063687 0.201263 0.270016 -0.197651 -0.0912974 0.195554 0.152333 0.0286763 0.0485868 0.0449219 0.281081 -0.261963 -0.208593 -0.197545 -0.0666119 0.191484 0.0972881 -0.0323236 -0.115648 0.0372925 0.0802144 -0.164825 -0.072497 0.2232 0.241912 0.278279 -0.166182 -0.251462 0.276095 -0.272676 -0.0582777 0.0283592 -0.0949799 
0.0594625 0.0779876 -0.000957391 -0.0739042 0.323935 -0.289215 -0.141199 0.181825 -0.372105 -0.167106 0.0650915 0.214976 0.290622 0.254795 0.157648 0.334755 -0.314569 -0.0313173 -0.0362773 -0.313392 0.336485 0.21403 -0.0548024 -0.158778 
BIASES
-0.0319536 -0.0743647 -0.116846 -0.234899 -0.0557757 0.0681624 -0.0978696 -0.146377 -0.0166243 0.278244 -0.239093 0.169036 
0.257224 -0.22438 -0.0341561 -0.117304 0.12629 -0.0493092 -0.202708 0.208188 -0.092055 -0.0121313 0.0338037 0.0839851 
0.104037 0.169688 0.133656 -0.0483754 -0.0756685 -0.0048719 0.102204 -0.0151795 -0.00876589 -0.0770076 -0.219394 0.133638 
-0.375796 -0.0739042 
END
FITNESS 6236.68
GENES
-0.13762 -0.195078 0.269875 -0.200999 0.251515 0.0915616 0.00626388 0.0921079 -0.121357 -0.235921 -0.0893768 0.23134 0.234459 0.00381469 -0.0243595 -0.267443 -0.0407459 -0.241877 -0.00994642 -0.189405 -0.272201 -0.0775715 -0.233208 0.168807 -0.171908 -0.00494238 0.0127127 0.214848 0.0505602 -0.0749814 -0.255567 0.245841 0.246088 -0.0463843 -0.277716 0.167468 0.199448 0.200118 -0.275848 -0.0492563 0.0633346 -0.279249 0.285627 -0.0319008 -0.000519787 0.255479 0.192594 0.216539 0.27206 -0.0423141 -0.224645 0.033469 -0.137285 0.219429 0.135541 0.199941 0.0484106 -0.0823993 0.271901 -0.200999 0.0416798 0.193581 0.134484 0.116335 -0.205051 -0.134519 0.0261567 -0.131841 -0.044869 -0.0335747 -0.238265 -0.183326 0.21372 -0.182463 0.128616 -0.0962485 -0.104794 0.242441 0.243956 0.0346319 -0.280623 -0.204117 0.280535 -0.233173 -0.0798268 0.190603 0.269522 -0.04686 0.00753251 -0.133004 -0.166376 -0.138237 -0.0261391 -0.0274253 -0.048904 -0.249312 0.148174 -0.0364467 0.05678 0.11008 0.0774481 0.167591 0.241524 0.044129 -0.0111622 0.0669995 0.123665 -0.137497 0.0159372 -0.173846 0.112424 -0.0394421 0.165918 0.173846 0.1012 -0.09609 0.251568 0.0807959 0.155927 0.188612 -0.121269 0.0452743 -0.0316012 0.200294 0.0225622 0.0345614 -0.0923546 0.0398473 -0.0681625 -0.105041 -0.137796 -0.261364 0.132951 -0.0611674 -0.139382 0.0671758 0.076109 0.283213 -0.181863 0.191819 0.0410102 0.113005 0.0873329 -0.152121 
-0.0516879 0.0876324 -0.130466 -0.200065 -0.0447985 0.263197 0.0859057 -0.145408 -0.149425 0.237666 -0.0676515 0.13177 -0.118027 0.081765 -0.0677924 0.0302974 -0.187907 -0.00987594 0.187467 -0.215324 -0.0857471 -0.0349314 0.24489 0.0726908 -0.0877558 -0.106063 0.090945 -0.0311784 -0.00386756 -0.250722 0.200646 0.0453271 0.251374 -0.0699421 0.00885399 -0.186321 -0.253559 -0.258898 0.234688 -0.227552 0.276376 -0.197598 -0.232732 0.141091 -0.158693 0.0345614 0.0493268 0.194532 -0.0893415 0.166957 0.160931 0.0936056 0.00455474 0.188277 0.158852 -0.111824 0.178886 0.180278 -0.0845842 -0.102733 -0.0426841 -0.158605 0.0424375 0.0302269 -0.13769 0.0277425 0.227094 -0.0563572 -0.137779 0.26732 -0.166622 -0.0926541 -0.268042 -0.229032 0.137426 0.23282 0.262633 -0.0624008 -0.228979 -0.285151 -0.0741885 0.288411 0.0625417 0.177141 -0.215694 0.261699 -0.275073 0.25229 0.284781 -0.0423141 0.198814 -0.0793863 -0.162112 0.140369 -0.054137 0.0930065 0.183485 -0.218002 0.155081 0.286966 0.155539 0.117745 0.156931 0.0428956 0.165512 0.216821 -0.187907 0.201897 0.173494 -0.0341737 -0.12844 -0.123066 0.186427 0.0896411 0.253876 0.2497 -0.0906102 0.0941165 -0.0615903 0.0555642 0.238494 -0.0779239 0.152421 0.239727 -0.24304 -0.144122 0.116846 -0.239833 -0.107138 -0.160861 -0.269646 0.0205712 -0.224327 0.256695 0.188911 -0.0914031 0.223411 0.148879 0.176789 0.0777829 0.207236 0.0957023 -0.0114441 0.18026 
0.284711 -0.268835 0.202021 0.236203 0.140263 -0.219059 -0.22542 0.288058 0.0551414 -0.282121 0.0856238 -0.242811 -0.130836 -0.179009 0.0368343 0.124458 -0.283865 0.105199 -0.222354 0.0701359 0.10712 -0.144844 -0.133374 0.0827517 -0.276623 -0.0116732 0.0280244 0.199342 -0.0416269 0.182322 -0.241172 0.27731 0.132915 -0.266316 -0.133973 -0.215341 -0.0716336 -0.143241 0.261382 0.15813 -0.109358 0.223429 0.0214522 -0.212698 -0.194021 0.154641 0.236467 0.263162 0.235639 0.15124 0.0672286 0.0924955 0.0821174 -0.259215 -0.187326 -0.287283 0.0925484 0.0300859 0.252907 -0.217632 -0.0236899 0.0115851 -0.0547361 -0.161812 0.196523 0.209773 -0.0536789 0.079122 0.154412 -0.171221 -0.260959 0.0887425 -0.215324 -0.167274 0.188806 0.143399 -0.255233 -0.148016 0.194515 0.0722679 0.288111 0.192206 -0.0283416 0.161794 -0.222389 -0.273769 -0.0569738 0.225367 -0.141884 -0.209174 0.0905573 0.176331 -0.231798 0.249418 -0.285451 -0.0429837 0.0894473 0.152562 0.143628 -0.147769 0.145866 0.126819 -0.0506131 0.195061 0.113498 -0.129057 0.220751 -0.238899 0.136193 0.0149152 0.213879 -0.0578901 0.00166506 -0.0119375 -0.221896 0.138325 -0.242952 -0.00226415 -0.156649 0.12104 0.199219 -0.0809193 0.0491506 0.00113648 0.154606 -0.266668 -0.188348 0.275355 -0.123313 0.0887953 0.176754 0.0919845 -0.0300331 0.116106 0.0541194 0.249436 -0.0277249 -0.267337 -0.231587 -0.168613 -0.138853 0.10342 -0.25051 -0.0798268 
-0.250181 0.363846 0.174812 0.120344 0.0972278 -0.301903 -0.284739 0.000149949 -0.188123 -0.223235 0.129687 0.338838 0.0811712 -0.302803 0.305202 -0.315584 0.356717 0.320867 -0.36959 0.377757 0.0329322 -0.289722 -0.316437 0.181225 
BIASES
-0.19563 0.0484597 0.113241 0.187464 0.197212 0.154747 0.113069 0.214932 0.372243 -0.0345923 0.250008 0.0181358 
0.0330348 0.00433165 0.197927 0.252219 -0.280701 -0.0565395 0.0902877 -0.2021 0.229699 0.262109 -0.14069 0.0454965 
-0.0986693 0.262016 -0.224181 -0.195131 0.179103 0.282244 -0.0530317 -0.0753414 -0.169539 0.228935 0.0771585 0.153963 
0.276913 0.350368 
END
